Saturn Dealer Car,auto
Toyota Car Tercel,auto
Baseball Game Play,sports
Pulled Muscle Game,sports
Colored GIFs Root,computer